25837021
25987254
25392531
25006123
22003200
19047678
26544714
26540574
26527008
26526666
26523868
26499265
26484137
26476451
26470881
26456076
26452539
26437243
26437031
26432892
26430725
26429873
26416032
26405037
26399931
26376702
25742292
25105228
23363935
16427614
24098452
26040752
25888893
25717234
24913940
24465984
24098452
23936488
23858471
23794217
22634564
21572416
20969977
18387830
18206321
17850355
14643814
9590213
9268642
8660964
8244382
20503261
19858488
18538381
18344982
18226203
16202624
12164938
11707067
25946140
23997205
19554302
26452038
26390303
26274979
25941329
25086069
24854630
24753248
24509081
23646466
22454501
7774911
26303948
26112411
26089364
26025394
25907805
25837583
25728779
25671767
25550463
25498451
25455687
25431923
25423620
25413349
25347788
25320245
25277131
25119663
25098679
24867948
24138066
23823179
22991235
21835305
19951536
19885854
18476594
15276200
24719025
26566052
26489627
26446947
26431358
26417899
26275342
26243375
26202989
26138525
26051877
26035216
26034998
25982277
25961939
25717256
25707877
25662335
25657333
25614511
25550929
25551462
25325426
25014355
25014354
24357125
24094746
23505453
23404848
21696611
19420709
26536833
26534782
26528484
26468981
26452569
26424136
26404905
26379636
26378948
26378902
26377905
26375352
26370835
26347165
26343639
26325511
26319169
26272066
26245487
26197020
26542215
26531389
26531388
26506417
26474387
26456826
26235645
26171012
26121864
26045592
26042473
26008975
25973233
25944111
25931508
25837021
25814533
25806092
25763846
25749422
26517089
26464709
26436374
26408177
26202366
26195286
26100518
26084290
26071104
26022780
25925909
25845242
25785725
25750764
25663549
25655331
25655281
25594064
25564869
25541910
16618726
15900300
15720718
26531636
25621300
23416983
21737958
21543860
20937701
26496994
26486174
26085508
25918226
25741591
25698445
25684665
25451266
25378630
25315299
25187968
25100728
24840177
24812321
24670325
24587072
24418541
24345679
24239352
24039253
26555760
26215737
25130427
24519983
23462296
23100621
22738901
22467039
21826206
21303950
19038856
18997084
17417706
17329401
17234578
16864689
10446328
10407171
9079705
25390934
24076275
23700088
23671695
22514011
22433433
21558551
21543328
21423795
20631175
19926888
19745106
19343227
18776146
16631416
25993294
25765115
24285540
23576568
23499442
23263327
22403489
21331762
20368616
19087513
18617524
17193925
16865251
16317011
12203032
26299976
26557966
26546825
26506239
26500492
26414218
26380811
26379350
26341979
26319599
26317652
26310374
26292259
26269411
26250123
26249737
26239274
26208882
26013399
25917792
25889839
26486104
24612955
20944657
19725780
15138636
15010864
26560516
26473288
26459602
26418248
26372645
26349244
26329879
26327203
26324770
26275291
26272555
26101353
26096460
26055335
25998683
25987127
25874770
25813266
25800849
25711083
26395551
25672684
25639869
25392243
24227653
24196380
23707952
23457408
23448427
23043714
23029454
22693455
22570500
22046314
21874001
20530487
16840350
16227968
10773667
25934039
25113253
24917275
24916915
24768641
24696529
24465143
23950870
23799842
23781597
23322581
23284715
21644365
21638316
21135260
20680360
20235875
20010893
19861896
18581270
25991709
22011512
26540196
24861485
23909416
23431751
22001757
21937081
21795503
21244694
18163890
16007190
26558825
25921291
25178389
25079701
24659573
24652003
23763276
23260169
23165208
22722845
22496743
22391449
22008221
21413019
21261964
20388838
20215859
20087341
19047152
18390925
26551274
26540294
26471130
26325594
26269577
26210183
26190106
26090585
26018151
25977235
25948789
25877869
25794824
25671227
25660456
25484212
25251695
25066055
25046112
25030448
25754917
25644381
25608512
25223753
25191523
24656827
23871722
22511892
19563921
18790760
15670823
15075335
15028221
14597674
12390249
12028359
10753660
10207009
25566594
26490252
26472617
26458359
26417067
26400441
26385474
26304651
26268874
26254477
26246098
26122242
26115622
26109568
25900426
25872572
25869611
25849884
25825518
25707093
25655101
22666313
22446626
26542706
26526145
26496772
26458823
26343386
26308008
26299328
26109068
26094658
26028649
26019450
25899310
25865410
25798844
25659714
25613373
25529635
25377219
25352737
25342745
26567247
26565986
26563758
26559642
26558781
26555418
26549725
26548232
26531758
26530371
26525579
26525105
26523217
26523130
26519560
26519053
26516699
26509997
26509672
26503645
24249740
22394158
21890631
21502359
21460214
21276240
20226040
19587378
18602130
15849745
12147701
11807172
11152471
10864471
10209101
9238861
8968497
8621616
26260799
24928906
24581223
24568526
24367709
23897809
23435566
23291345
21980341
21593588
21262772
20887780
20624913
20596566
19797269
19484742
19062280
16607288
16488889
16314523
26536348
26494788
26361793
26351594
26320575
26303948
26138995
26058961
25881961
25732229
25635758
25568664
25480496
25473084
25433550
25412662
25348871
25330008
25318951
25314777
26495101
26446295
26339605
26318430
26308666
26267609
26235516
26134500
25987048
25981399
25826454
25775569
25738923
25730656
25665511
25628020
25539763
25531273
25484056
25472586
25651471
25567907
24337580
22749528
21512002
15202009
11073942
9394008
7499430
26469128
26448189
26343379
26337721
26314264
26169973
26047211
26010003
25901508
25842862
25534910
25515066
25401692
25326682
25245478
25179839
24831965
24818983
24576410
24512576
20167875
26131354
26082489
25712248
25295537
25027698
24799604
24445667
24442869
23921680
23846693
23652102
23603814
22902624
22514342
22307041
22105492
22007846
21934671
21874024
21221998
23442323
21647251
20826792
26386179
26369827
26084985
26079528
26078008
25994236
25973950
25972165
25967961
25926441
25838976
25768202
25746002
25739101
25687184
25684205
25672412
25666619
25654811
25548371
23872064
26458359
26417067
26304651
26122242
26115622
25923142
25900426
25869611
25791711
25707093
25556204
25525273
25486933
25472749
25451273
25413039
25403688
25354366
25320085
25267988
26534985
26318021
26299364
26202358
26194095
26178296
26165233
26138479
26118906
26054850
26033182
25907274
25864518
25855980
25825436
25596548
25589461
25575134
25558829
25540416
25059688
25047265
15344908
12234665
26497556
26398195
26074072
26074071
26074003
25842244
25404896
25319695
25066254
24990518
24652468
24386439
24343026
24187989
24155305
23776146
23446545
23244605
22730302
22711986
25496125
22227207
26563145
26551942
26528635
26512778
26471251
26422397
26338970
26315726
26305964
26286994
26272204
26244502
26165840
26136875
26117495
26108419
26097552
26084613
26080941
25966097
25772304
25703348
25634095
25605328
24986859
24727478
24358021
23426651
19455595
18706910
18601738
18410541
12952983
12173028
10331946
10330123
25304039
26427389
25304039
25050486
24462288
24291204
24013816
22962313
22777911
22226909
22037487
21609220
21263009
21204784
21197116
20510150
19909370
19909369
19877713
19696174
19673454
25304376
20515755
19136465
26553048
26546902
26503734
26489145
26470788
26464103
26457303
26422603
26387839
26386150
26310150
26273833
26258650
26207300
26197481
26177052
26130787
26104822
26020822
25932442
26536833
26534782
26528484
26468981
26452569
26424136
26404905
26379636
26378948
26378902
26377905
26375352
26370835
26347165
26343639
26325511
26319169
26272066
26245487
26197020
25987254
25392531
25006123
22003200
19047678
26544714
26540574
26527008
26526666
26523868
26499265
26484137
26476451
26470881
26456076
26452539
26437243
26437031
26432892
26430725
26429873
26416032
26405037
26399931
26376702
26492230
26426747
26394310
26365191
26163235
26056355
26011312
25997943
25987254
25968989
25918183
25893930
25791433
25763857
25646661
25597612
25589070
25189652
24976530
24810926
26559308
26553540
26544868
26540468
26531722
26521750
26504803
26502853
26496024
26492230
26490380
26482503
26480000
26458815
26455324
26454169
26446730
26435691
26432773
26432296
23152874
20442006
22343123
26122309
25877871
25192891
19843469
26130463
25502749
18325109
21352796
24094838
23995386
22312586
21641986
22723868
21397029
16859491
26452038
26390303
26274979
25941329
25086069
24854630
24753248
24509081
23646466
22454501
7774911
25551462
25325426
25014355
25014354
24357125
24094746
23505453
23404848
21696611
19420709
24165569
26376360
25995028
25960389
25809081
26065978
25496832
25938218
26524048
25820146
25175278
25887776
25130822
26419263
25395194
23964738
24390959
24760510
25287674
26143367
25003898
25820389
25979675
25972545
25404059
25811463
24445959
25127861
24815518
26118124
24044430
24319445
23483478
22711889
22491475
22473004
22490869
22490867
22412192
23815151
23175229
21965664
25659377
26542215
26531389
26531388
26506417
26474387
26456826
26235645
26171012
26121864
26045592
26042473
26008975
25973233
25944111
25931508
25837021
25814533
25806092
25763846
25749422
26555760
26215737
25130427
24519983
23462296
23100621
22738901
22467039
21826206
21303950
19038856
18997084
17417706
17329401
17234578
16864689
10446328
10407171
9079705
25993294
25765115
24285540
23576568
23499442
23263327
22403489
21331762
20368616
19087513
18617524
17193925
16865251
16317011
12203032
26557966
26546825
26506239
26500492
26414218
26380811
26379350
26341979
26319599
26317652
26310374
26292259
26269411
26250123
26249737
26239274
26208882
26013399
25917792
25889839
20972907
21219900
20890044
19890917
11956596
11788899
17390031
15754011
9536085
12223403
8661156
7600994
23438515
10441746
12150789
26105184
25993989
24418259
24258210
22235033
26031935
25251575
25343121
24674092
24478195
24293101
23674381
24519609
24058703
23408678
22884724
22863190
23240094
22863195
20838829
23813632
21600883
25387264
24715519
23612438
26376721
26151598
23863968
26195448
21655234
18455988
19088929
15984687
22674151
11648998
4940474
5720815
4382769
4378482
13406219
19748216
1900923
18551538
7171288
6778734
24879154
23871723
25193278
23157514
26247722
22605333
24769729
23357870
21643014
21244707
18302158
19435463
16757345
17897599
23446731
25499977
25560175
25304686
25070747
25731028
26032416
26369283
24972833
24674891
24662891
25602958
23750504
23449222
23332289
23894664
22570418
24726359
22433841
24686397
22285032
22433840
22918587
21693137
20979666
21945095
15620218
26486104
24612955
20944657
19725780
15138636
15010864
26395551
25672684
25639869
25392243
24227653
24196380
23707952
23457408
23448427
23043714
23029454
22693455
22570500
22046314
21874001
20530487
16840350
16227968
10773667
24642616
21998041
25628439
21590681
24841198
19692121
25038454
24465463
25007834
24550388
24770487
25096578
25772595
23921553
25245035
25152517
24443359
24696731
25320082
24857551
22773733
23890092
22614353
24670619
22971926
20011630
25177965
24919044
16088398
22513468
9870696
19033156
22693256
10809008
15565635
11357367
25862576
16837566
7151307
8597634
25774904
22408741
24513630
25482863
26458815
23503464
26059631
24521639
20194440
19890372
23116342
24513630
23663110
21879257
25983541
24667354
24686457
24447930
24341525
24071828
24746948
22456625
21174058
22780973
20526670
24092016
25015454
24362794
21157449
20051827
19435835
16882973
16847352
17765869
11860200
22851403
24392163
21444755
20152047
2383660
10354388
3539140
25998071
3281333
952768
1166507
347644
25867004
25869254
6342608
7801617
24717363
4082531
23041287
3603661
6085695
24513630
25482863
26458815
23503464
26059631
24521639
20194440
19890372
23116342
24513630
23663110
21879257
25983541
24667354
24686457
24447930
24341525
24071828
24746948
22456625
21174058
26567247
26565986
26563758
26559642
26558781
26555418
26549725
26548232
26531758
26530371
26525579
26525105
26523217
26523130
26519560
26519053
26516699
26509997
26509672
26503645
26536348
26494788
26361793
26351594
26320575
26303948
26138995
26058961
25881961
25732229
25635758
25568664
25480496
25473084
25433550
25412662
25348871
25330008
25318951
25314777
26495101
26446295
26339605
26318430
26308666
26267609
26235516
26134500
25987048
25981399
25826454
25775569
25738923
25730656
25665511
25628020
25539763
25531273
25484056
25472586
25651471
25567907
24337580
22749528
21512002
15202009
11073942
9394008
7499430
25859288
25504627
25579119
25149066
26261606
25910568
23881177
24098708
25327529
26274503
25989926
25497975
25731020
25093671
24743145
24788655
24741319
24257477
17203224
21036922
20444257
26124097
25476335
15704527
23403143
23001880
22509742
19705452
22870302
21940190
21525488
19894656
1482238
21076122
20351356
7948031
20302519
19339663
18469884
18650243
17646419
25683712
25605899
23646141
25865300
24525125
24244368
16357535
26126179
25469867
21530488
25059688
25047265
15344908
12234665
20167875
26131354
26082489
25712248
25295537
25027698
24799604
24445667
24442869
23921680
23846693
23652102
23603814
22902624
22514342
22307041
22105492
22007846
21934671
21874024
21221998
23872064
26458359
26417067
26304651
26122242
26115622
25923142
25900426
25869611
25791711
25707093
25556204
25525273
25486933
25472749
25451273
25413039
25403688
25354366
25320085
25267988
25496125
22227207
26563145
26551942
26528635
26512778
26471251
26422397
26338970
26315726
26305964
26286994
26272204
26244502
26165840
26136875
26117495
26108419
26097552
26084613
26080941
25966097
25772304
25703348
25634095
25605328
24986859
24727478
24358021
23426651
19455595
18706910
18601738
18410541
12952983
12173028
10331946
10330123
25304039
26427389
25304039
25050486
24462288
24291204
24013816
22962313
22777911
22226909
22037487
21609220
21263009
21204784
21197116
20510150
19909370
19909369
19877713
19696174
19673454
25304376
20515755
19136465
26553048
26546902
26503734
26489145
26470788
26464103
26457303
26422603
26387839
26386150
26310150
26273833
26258650
26207300
26197481
26177052
26130787
26104822
26020822
25932442
26498464
26220158
26086742
26473373
26311740
26302379
26300395
26500110
26498351
26453197
26302266
26248946
26109525
26404135
26314961
26121981
25991372
25704079
26210448
26160841
26124097
25476335
15704527
23403143
23001880
22509742
19705452
22870302
21940190
21525488
19894656
1482238
21076122
20351356
7948031
20302519
19339663
18469884
18650243
17646419
26427667
23707615
25446536
23946441
24018557
22937141
23751042
22800537
21878612
24668462
22828989
22297635
25411391
25617805
20023171
26542145
24619956
25464167
25791492
19727229
24098452
26040752
25888893
25717234
24913940
24465984
24098452
23936488
23858471
23794217
22634564
21572416
20969977
18387830
18206321
17850355
14643814
9590213
9268642
8660964
8244382
20503261
19858488
18538381
18344982
18226203
16202624
12164938
11707067
26536833
26534782
26528484
26468981
26452569
26424136
26404905
26379636
26378948
26378902
26377905
26375352
26370835
26347165
26343639
26325511
26319169
26272066
26245487
26197020
25742292
25105228
23363935
16427614
26492230
26426747
26394310
26365191
26163235
26056355
26011312
25997943
25987254
25968989
25918183
25893930
25791433
25763857
25646661
25597612
25589070
25189652
24976530
24810926
26559308
26553540
26544868
26540468
26531722
26521750
26504803
26502853
26496024
26492230
26490380
26482503
26480000
26458815
26455324
26454169
26446730
26435691
26432773
26432296
25987254
25392531
25006123
22003200
19047678
26544714
26540574
26527008
26526666
26523868
26499265
26484137
26476451
26470881
26456076
26452539
26437243
26437031
26432892
26430725
26429873
26416032
26405037
26399931
26376702
25551462
25325426
25014355
25014354
24357125
24094746
23505453
23404848
21696611
19420709
24719025
26566052
26489627
26446947
26431358
26417899
26275342
26243375
26202989
26138525
26051877
26035216
26034998
25982277
25961939
25717256
25707877
25662335
25657333
25614511
25550929
25820389
25979675
25972545
25404059
25811463
24445959
25127861
24815518
26118124
24044430
24319445
23483478
22711889
22491475
22473004
22490869
22490867
22412192
23815151
23175229
26095808
26555760
26215737
25130427
24519983
23462296
23100621
22738901
22467039
21826206
21303950
19038856
18997084
17417706
17329401
17234578
16864689
10446328
10407171
9079705
26542215
26531389
26531388
26506417
26474387
26456826
26235645
26171012
26121864
26045592
26042473
26008975
25973233
25944111
25931508
25837021
26292259
26269411
26250123
26249737
26239274
26208882
26013399
25917792
25889839
26496994
26486174
26085508
25918226
25741591
25698445
25684665
25451266
25378630
25315299
25187968
25100728
24840177
24812321
24670325
24587072
24418541
24345679
24239352
24039253
26480000
23416980
23885139
22944560
22843432
24450160
20485370
25451164
25990459
18936236
24762088
24688313
24418602
23928699
23321005
22469780
22723551
22456625
20144951
21738213
26032416
26369283
24972833
24674891
24662891
25602958
23750504
23449222
23332289
23894664
22570418
24726359
22433841
24686397
22285032
22433840
22918587
21693137
20979666
21945095
24879154
23871723
25193278
23157514
26247722
22605333
24769729
23357870
21643014
21244707
18302158
19435463
16757345
17897599
23446731
25499977
25560175
25304686
25070747
25731028
15620218
25390934
24076275
23700088
23671695
22514011
22433433
21558551
21543328
21423795
20631175
19926888
19745106
19343227
18776146
16631416
26486104
24612955
20944657
19725780
15138636
15010864
26395551
25672684
25639869
25392243
24227653
24196380
23707952
23457408
23448427
23043714
23029454
22693455
22570500
22046314
21874001
20530487
16840350
16227968
10773667
22773733
23890092
22614353
24670619
22971926
20011630
25177965
24919044
16088398
22513468
9870696
19033156
22693256
10809008
15565635
11357367
25862576
16837566
7151307
8597634
25774904
22408741
24392163
21444755
20152047
2383660
10354388
3539140
25998071
3281333
952768
1166507
347644
25867004
25869254
6342608
7801617
24717363
4082531
23041287
3603661
6085695
25991709
26450995
25956243
26384430
25184385
24803182
25377420
24848765
24456003
24265312
24083546
23811274
22504313
23507959
23212831
23899608
26240138
22814619
22761414
22709740
22465428
26560516
26473288
26459602
26418248
26372645
26349244
26329879
26327203
26324770
26275291
26272555
26101353
26096460
26055335
25998683
25987127
25874770
25813266
25800849
25711083
26429916
25741376
25339177
21050672
21562039
20190802
19890848
21778346
17520687
12665581
12473189
9205109
15555599
24021157
17967892
9472014
10995386
17449237
16861913
26030398
20167875
26131354
26082489
25712248
25295537
25027698
24799604
24445667
24442869
23921680
23846693
23652102
23603814
22902624
22514342
22307041
22105492
22007846
21934671
21874024
21221998
23872064
26458359
26417067
26304651
26122242
26115622
25923142
25900426
25869611
25791711
25707093
25556204
25525273
25486933
25472749
25451273
25413039
25403688
25354366
25320085
25267988
25496125
22227207
26563145
26551942
26528635
26512778
26471251
26422397
26338970
26315726
26305964
26286994
26272204
26244502
26165840
26136875
26117495
26108419
26097552
26084613
26080941
25966097
25772304
25703348
25634095
25605328
24986859
24727478
24358021
23426651
19455595
18706910
18601738
18410541
12952983
12173028
10331946
10330123
25304039
26427389
25304039
25050486
24462288
24291204
24013816
22962313
22777911
22226909
22037487
21609220
21263009
21204784
21197116
20510150
19909370
19909369
19877713
19696174
19673454
25304376
20515755
19136465
26553048
26546902
26503734
26489145
26470788
26464103
26457303
26422603
26387839
26386150
26310150
26273833
26258650
26207300
26197481
26177052
26130787
26104822
26020822
25932442
25059688
25047265
15344908
12234665
26498464
26220158
26086742
26473373
26311740
26302379
26300395
26500110
26498351
26453197
26302266
26248946
26109525
26404135
26314961
26121981
25991372
25704079
26210448
26160841
25082190
26114658
25715097
23893294
24121705
20585624
23584531
23977156
3014793
26112383
26506896
22732519
25482923
24947026
26530043
25658204
26122121
23146905
26101352
25326752
23442323
21647251
20826792
26386179
26369827
26084985
26079528
26078008
25994236
25973950
25972165
25967961
25926441
25838976
25768202
25746002
25739101
25687184
25684205
25672412
25666619
25654811
25548371
26498464
26220158
26086742
26473373
26311740
26302379
26300395
26500110
26498351
26453197
26302266
26248946
26109525
26404135
26314961
26121981
25991372
25704079
26210448
26160841
25566594
26490252
26472617
26458359
26417067
26400441
26385474
26304651
26268874
26254477
26246098
26122242
26115622
26109568
25900426
25872572
25869611
25849884
25825518
25707093
25655101
17203224
21036922
20444257
25651471
25567907
24337580
22749528
21512002
15202009
11073942
9394008
7499430
26567247
26565986
26563758
26559642
26558781
26555418
26549725
26548232
26531758
26530371
26525579
26525105
26523217
26523130
26519560
26519053
26516699
26509997
26509672
26503645
26536348
26494788
26361793
26351594
26320575
26303948
26138995
26058961
25881961
25732229
25635758
25568664
25480496
25473084
25433550
25412662
25348871
25330008
25318951
25314777
26495101
26446295
26339605
26318430
26308666
26267609
26235516
26134500
25987048
25981399
25826454
25775569
25738923
25730656
25665511
25628020
25539763
25531273
25484056
25472586
22666313
22446626
25683712
25605899
23646141
25865300
24525125
24244368
16357535
26126179
25469867
21530488
24456377
26337721
24512576
25245478
23613500
24038848
24576410
22669415
22644307
22122651
22057216
22094384
23389038
26448189
24098468
11741603
25842862
25515066
26010003
14573529